1980 338.01 338.36 340.08 340.77 341.46 341.17 339.56 337.60 335.88 336.01 337.10 338.21  
1981 339.23 340.47 341.38 342.51 342.91 342.25 340.49 338.43 336.69 336.85 338.36 339.61
1982 340.75 341.61 342.70 343.56 344.13 343.35 342.06 339.82 337.97 337.86 339.26 340.49 
1983 341.37 342.52 343.10 344.94 345.75 345.32 343.99 342.39 339.86 339.99 341.16 342.99
1984 343.70 344.51 345.28 347.08 347.43 346.79 345.40 343.28 341.07 341.35 342.98 344.22
1985 344.97 346.00 347.43 348.35 348.93 348.25 346.56 344.69 343.09 342.80 344.24 345.56
1986 346.29 346.96 347.86 349.55 350.21 349.54 347.94 345.91 344.86 344.17 345.66 346.90
1987 348.02 348.47 349.42 350.99 351.84 351.25 349.52 348.10 346.44 346.36 347.81 348.96 
1988 350.43 351.72 352.22 353.59 354.22 353.79 352.39 350.44 348.72 348.88 350.07 351.34
1989 352.76 353.07 353.68 355.42 355.67 355.13 353.90 351.67 349.80 349.99 351.30 352.53
1990 353.66 354.70 355.39 356.20 357.16 356.22 354.82 352.91 350.96 351.18 352.83 354.21
1991 354.72 355.75 357.16 358.60 359.34 358.24 356.17 354.03 352.16 352.21 353.75 354.99
1992 355.98 356.72 357.81 359.15 359.66 359.25 357.03 355.00 353.01 353.31 354.16 355.40
1993 356.70 357.16 358.38 359.46 360.28 359.60 357.57 355.52 353.70 353.98 355.33 356.80
1994 358.36 358.91 359.97 361.26 361.68 360.95 359.55 357.49 355.84 355.99 357.58 359.04 
1995 359.96 361.00 361.64 363.45 363.79 363.26 361.90 359.46 358.06 357.75 359.56 360.70
1996 362.05 363.25 364.03 364.72 365.41 364.97 363.65 361.49 359.46 359.60 360.76 362.33
1997 363.18 364.00 364.57 366.35 366.79 365.62 364.47 362.51 360.19 360.77 362.43 364.28
1998 365.32 366.15 367.31 368.61 369.29 368.87 367.64 365.77 363.90 364.23 365.46 366.97
1999 368.15 368.87 369.59 371.14 371.00 370.35 369.27 366.94 364.63 365.12 366.67 368.01
2000 369.14 369.46 370.52 371.66 371.82 371.70 370.12 368.12 366.62 366.73 368.29 369.53
2001 370.28 371.50 372.12 372.87 374.02 373.30 371.62 369.55 367.96 368.09 369.68 371.24
2002 372.43 373.09 373.52 374.86 375.55 375.41 374.02 371.49 370.71 370.25 372.08 373.78
2003 374.68 375.63 376.11 377.65 378.35 378.13 376.62 374.50 372.99 373.00 374.35 375.70