0.003013
0.006027
0.009040
0.012053
0.015066
0.018079
0.021092
0.024104
0.027117
0.030129
0.033140
0.036152
0.039163
0.042173
0.045183
0.048193
0.051202
0.054211
0.057219
0.060226
0.063233
0.066239
0.069245
0.072250
0.075254
0.078257
0.081260
0.084261
0.087262
0.090262
0.093261
0.096259
0.099256
0.102252
0.105247
0.108241
0.111234
0.114226
0.117216
0.120205
0.123194
0.126180
0.129166
0.132150
0.135133
0.138114
0.141094
0.144073
0.147050
0.150025
0.153000
0.155972
0.158943
0.161912
0.164880
0.167846
0.170810
0.173772
0.176733
0.179692
0.182649
0.185604
0.188557
0.191508
0.194458
0.197405
0.200350
0.203293
0.206235
0.209174
0.212111
0.215045
0.217978
0.220908
0.223836
0.226762
0.229685
0.232606
0.235525
0.238441
0.241355
0.244266
0.247175
0.250081
0.252985
0.255886
0.258785
0.261681
0.264574
0.267464
0.270352
0.273237
0.276119
0.278998
0.281875
0.284749
0.287619
0.290487
0.293352
0.296213
0.299072
0.301928
0.304780
0.307630
0.310476
0.313319
0.316159
0.318996
0.321829
0.324659
0.327486
0.330309
0.333129
0.335946
0.338759
0.341569
0.344375
0.347177
0.349977
0.352772
0.355564
0.358352
0.361137
0.363918
0.366695
0.36946841
0.37223806
0.37500390
0.37776589
0.38052402
0.38327826
0.38602857
0.38877493
0.39151731
0.39425568
0.39699002
0.39972030
0.40244648
0.40516855
0.40788647
0.41060022
0.41330977
0.41601508
0.41871614
0.42141292
0.42410539
0.42679351
0.42947728
0.43215664
0.43483159
0.43750209
0.44016811
0.44282964
0.44548663
0.44813907
0.45078692
0.45343017
0.45606878
0.45870272
0.46133198
0.46395651
0.46657631
0.46919133
0.47180156
0.47440697
0.47700752
0.47960320
0.48219398
0.48477983
0.48736072
0.48993663
0.49250754
0.49507341
0.49763423
0.50018996
0.50274058
0.50528606
0.50782638
0.51036151
0.51289143
0.51541611
0.51793552
0.52044964
0.52295845
0.52546192
0.52796002
0.53045273
0.53294002
0.53542187
0.53789825
0.54036914
0.54283452
0.54529435
0.54774861
0.55019729
0.55264034
0.55507776
0.55750951
0.55993557
0.56235592
0.56477053
0.56717937
0.56958243
0.57197967
0.57437108
0.57675663
0.57913630
0.58151006
0.58387788
0.58623976
0.58859565
0.59094554
0.59328940
0.59562721
0.59795895
0.60028459
0.60260411
0.60491749
0.60722470
0.60952572
0.61182052
0.61410909
0.61639141
0.61866743
0.62093716
0.62320055
0.62545760
0.62770827
0.62995255
0.63219041
0.63442183
0.63664679
0.63886526
0.64107722
0.64328266
0.64548154
0.64767385
0.64985957
0.65203866
0.65421112
0.65637692
0.65853604
0.66068845
0.66283414
0.66497308
0.66710525
0.66923064
0.67134921
0.67346095
0.67556584
0.67766386
0.67975498
0.68183919
0.68391646
0.68598677
0.68805011
0.69010645
0.69215577
0.69419806
0.69623328
0.69826143
0.70028248
0.70229640
0.70430319
0.70630282
0.70829527
0.71028053
0.71225856
0.71422936
0.71619290
0.71814916
0.72009813
0.72203978
0.72397410
0.72590107
0.72782066
0.72973286
0.73163765
0.73353501
0.73542493
0.73730737
0.73918234
0.74104980
0.74290973
0.74476213
0.74660697
0.74844423
0.75027390
0.75209596
0.75391038
0.75571716
0.75751627
0.75930770
0.76109142
0.76286743
0.76463570
0.76639622
0.76814897
0.76989393
0.77163109
0.77336042
0.77508192
0.77679556
0.77850133
0.78019921
0.78188918
0.78357123
0.78524535
0.78691151
0.78856970
0.79021990
0.79186210
0.79349628
0.79512243
0.79674053
0.79835056
0.79995251
0.80154636
0.80313210
0.80470971
0.80627918
0.80784049
0.80939363
0.81093858
0.81247533
0.81400385
0.81552415
0.81703620
0.81853998
0.82003549
0.82152271
0.82300162
0.82447222
0.82593448
0.82738839
0.82883394
0.83027112
0.83169991
0.83312030
0.83453226
0.83593581
0.83733090
0.83871754
0.84009572
0.84146540
0.84282660
0.84417928
0.84552345
0.84685908
0.84818616
0.84950468
0.85081464
0.85211600
0.85340878
0.85469294
0.85596848
0.85723539
0.85849365
0.85974326
0.86098420
0.86221646
0.86344003
0.86465490
0.86586105
0.86705848
0.86824717
0.86942711
0.87059829
0.87176071
0.87291434
0.87405918
0.87519522
0.87632245
0.87744086
0.87855043
0.87965116
0.88074303
0.88182605
0.88290019
0.88396544
0.88502180
0.88606926
0.88710781
0.88813744
0.88915813
0.89016989
0.89117269
0.89216653
0.89315141
0.89412731
0.89509423
0.89605215
0.89700107
0.89794097
0.89887186
0.89979372
0.90070654
0.90161032
0.90250504
0.90339071
0.90426730
0.90513482
0.90599326
0.90684260
0.90768285
0.90851398
0.90933601
0.91014891
0.91095269
0.91174733
0.91253283
0.91330918
0.91407637
0.91483441
0.91558327
0.91632296
0.91705347
0.91777479
0.91848692
0.91918984
0.91988357
0.92056808
0.92124337
0.92190944
0.92256628
0.92321389
0.92385226
0.92448138
0.92510126
0.92571188
0.92631324
0.92690534
0.92748816
0.92806172
0.92862599
0.92918098
0.92972669
0.93026310
0.93079022
0.93130803
0.93181655
0.93231575
0.93280565
0.93328622
0.93375748
0.93421942
0.93467203
0.93511531
0.93554926
0.93597388
0.93638915
0.93679509
0.93719168
0.93757892
0.93795681
0.93832535
0.93868454
0.93903437
0.93937484
0.93970595
0.94002769
0.94034007
0.94064309
0.94093673
0.94122101
0.94149591
0.94176144
0.94201759
0.94226437
0.94250177
0.94272979
0.94294843
0.94315769
0.94335757
0.94354807
0.94372919
0.94390092
0.94406328
0.94421624
0.94435983
0.94449403
0.94461884
0.94473427
0.94484032
0.94493699
0.94502427
0.94510217
0.94517069
0.94522983
0.94527958
0.94531996
0.94535096
0.94537258
0.94538483
0.94538770
0.94538120
0.94536532
0.94534007
0.94530546
0.94526147
0.94520813
0.94514541
0.94507334
0.94499191
0.94490112
0.94480097
0.94469148
0.94457263
0.94444443
0.94430689
0.94416001
0.94400379
0.94383823
0.94366334
0.94347912
0.94328558
0.94308271
0.94287052
0.94264901
0.94241820
0.94217807
0.94192864
0.94166991
0.94140188
0.94112455
0.94083794
0.94054205
0.94023687
0.93992242
0.93959870
0.93926571
0.93892346
0.93857195
0.93821119
0.93784119
0.93746194
0.93707346
0.93667575
0.93626881
0.93585265
0.93542727
0.93499269
0.93454891
0.93409593
0.93363376
0.93316240
0.93268186
0.93219215
0.93169328
0.93118525
0.93066806
0.93014173
0.92960625
0.92906165
0.92850792
0.92794507
0.92737310
0.92679204
0.92620187
0.92560262
0.92499428
0.92437687
0.92375039
0.92311485
0.92247026
0.92181662
0.92115395
0.92048225
0.91980153
0.91911180
0.91841307
0.91770534
0.91698862
0.91626293
0.91552827
0.91478465
0.91403208
0.91327056
0.91250011
0.91172074
0.91093246
0.91013526
0.90932918
0.90851420
0.90769035
0.90685763
0.90601606
0.90516563
0.90430637
0.90343828
0.90256138
0.90167566
0.90078115
0.89987786
0.89896578
0.89804495
0.89711535
0.89617701
0.89522994
0.89427415
0.89330964
0.89233643
0.89135454
0.89036396
0.88936472
0.88835683
0.88734029
0.88631511
0.88528132
0.88423892
0.88318792
0.88212833
0.88106017
0.87998345
0.87889818
0.87780437
0.87670204
0.87559120
0.87447185
0.87334402
0.87220772
0.87106295
0.86990973
0.86874808
0.86757801
0.86639952
0.86521264
0.86401737
0.86281373
0.86160174
0.86038140
0.85915273
0.85791574
0.85667046
0.85541688
0.85415503
0.85288491
0.85160655
0.85031995
0.84902514
0.84772212
0.84641091
0.84509152
0.84376397
0.84242828
0.84108445
0.83973250
0.83837245
0.83700432
0.83562810
0.83424383
0.83285152
0.83145118
0.83004283
0.82862647
0.82720214
0.82576984
0.82432958
0.82288140
0.82142529
0.81996128
0.81848937
0.81700960
0.81552197
0.81402650
0.81252320
0.81101210
0.80949320
0.80796653
0.80643210
0.80488993
0.80334003
0.80178242
0.80021711
0.79864413
0.79706349
0.79547521
0.79387931
0.79227579
0.79066468
0.78904600
0.78741977
0.78578599
0.78414469
0.78249588
0.78083959
0.77917583
0.77750461
0.77582597
0.77413990
0.77244644
0.77074559
0.76903738
0.76732183
0.76559895
0.76386877
0.76213129
0.76038654
0.75863454
0.75687530
0.75510884
0.75333519
0.75155436
0.74976636
0.74797123
0.74616897
0.74435961
0.74254316
0.74071965
0.73888909
0.73705150
0.73520690
0.73335532
0.73149676
0.72963125
0.72775881
0.72587946
0.72399322
0.72210010
0.72020013
0.71829333
0.71637972
0.71445931
0.71253212
0.71059819
0.70865752
0.70671014
0.70475606
0.70279531
0.70082791
0.69885387
0.69687322
0.69488599
0.69289218
0.69089182
0.68888493
0.68687153
0.68485164
0.68282528
0.68079248
0.67875325
0.67670761
0.67465559
0.67259721
0.67053249
0.66846144
0.66638410
0.66430048
0.66221060
0.66011448
0.65801215
0.65590363
0.65378893
0.65166809
0.64954111
0.64740803
0.64526887
0.64312364
0.64097237
0.63881509
0.63665180
0.63448254
0.63230733
0.63012618
0.62793912
0.62574618
0.62354737
0.62134272
0.61913225
0.61691598
0.61469394
0.61246614
0.61023261
0.60799337
0.60574845
0.60349786
0.60124164
0.59897979
0.59671235
0.59443934
0.59216078
0.58987669
0.58758710
0.58529202
0.58299149
0.58068553
0.57837415
0.57605738
0.57373525
0.57140778
0.56907499
0.56673690
0.56439354
0.56204493
0.55969110
0.55733206
0.55496784
0.55259847
0.55022397
0.54784436
0.54545966
0.54306991
0.54067512
0.53827531
0.53587051
0.53346075
0.53104605
0.52862643
0.52620191
0.52377253
0.52133829
0.51889924
0.51645539
0.51400676
0.51155339
0.50909528
0.50663248
0.50416500
0.50169287
0.49921610
0.49673473
0.49424879
0.49175828
0.48926325
0.48676371
0.48425968
0.48175120
0.47923828
0.47672096
0.47419925
0.47167318
0.46914277
0.46660805
0.46406905
0.46152579
0.45897829
0.45642658
0.45387068
0.45131062
0.44874642
0.44617811
0.44360572
0.44102926
0.43844876
0.43586425
0.43327575
0.43068329
0.42808689
0.42548658
0.42288238
0.42027432
0.41766242
0.41504671
0.41242722
0.40980396
0.40717696
0.40454625
0.40191186
0.39927381
0.39663212
0.39398682
0.39133793
0.38868549
0.38602951
0.38337002
0.38070705
0.37804062
0.37537076
0.37269749
0.37002084
0.36734083
0.36465749
0.36197085
0.35928092
0.35658774
0.35389134
0.35119173
0.34848894
0.34578300
0.34307394
0.34036177
0.33764653
0.33492824
0.33220693
0.32948261
0.32675533
0.32402510
0.32129194
0.31855590
0.31581698
0.31307522
0.31033064
0.30758326
0.30483312
0.30208024
0.29932465
0.29656636
0.29380542
0.29104183
0.28827563
0.28550685
0.28273550
0.27996162
0.27718524
0.27440637
0.27162504
0.26884128
0.26605511
0.26326657
0.26047567
0.25768245
0.25488692
0.25208912
0.24928906
0.24648678
0.24368231
0.24087566
0.23806686
0.23525595
0.23244293
0.22962785
0.22681073
0.22399159
0.22117045
0.21834735
0.21552232
0.21269536
0.20986652
0.20703582
0.20420328
0.20136893
0.19853280
0.19569490
0.19285528
0.19001394
0.18717093
0.18432626
0.18147996
0.17863206
0.17578258
0.17293155
0.17007899
0.16722493
0.16436939
0.16151241
0.15865401
0.15579420
0.15293303
0.15007051
0.14720667
0.14434153
0.14147513
0.13860748
0.13573862
0.13286856
0.12999734
0.12712498
0.12425151
0.12137695
0.11850132
0.11562466
0.11274698
0.10986832
0.10698870
0.10410814
0.10122667
0.09834432
0.09546111
0.09257707
0.08969222
0.08680659
0.08392021
0.08103309
0.07814527
0.07525676
0.07236761
0.06947782
0.06658743
0.06369646
0.06080494
0.05791289
0.05502034
0.05212732
0.04923384
0.04633993
0.04344563
0.04055094
0.03765591
0.03476055
0.03186489
0.02896896
0.02607277
0.02317637
0.02027976
0.01738297
0.01448604
0.01158898
0.00869182
0.00579459
0.00289731
