0.002994
0.005989
0.008983
0.011978
0.014972
0.017966
0.020959
0.023953
0.026946
0.029939
0.032932
0.035925
0.038917
0.041908
0.044900
0.047890
0.050881
0.053870
0.056860
0.059848
0.062836
0.065824
0.068810
0.071796
0.074781
0.077766
0.080750
0.083732
0.086714
0.089696
0.092676
0.095655
0.098633
0.101610
0.104587
0.107562
0.110536
0.113509
0.116480
0.119451
0.122420
0.125388
0.128355
0.131320
0.134285
0.137247
0.140209
0.143168
0.146127
0.149084
0.152039
0.154993
0.157945
0.160896
0.163845
0.166792
0.169738
0.172681
0.175623
0.178564
0.181502
0.184439
0.187373
0.190306
0.193237
0.196166
0.199093
0.202017
0.204940
0.207861
0.210779
0.213695
0.216609
0.219521
0.222431
0.225338
0.228243
0.231146
0.234046
0.236944
0.239840
0.242733
0.245623
0.248512
0.251397
0.254280
0.257160
0.260038
0.262913
0.265785
0.268655
0.271522
0.274386
0.277247
0.280105
0.282961
0.285814
0.288663
0.291510
0.294354
0.297195
0.300032
0.302867
0.305698
0.308527
0.311352
0.314174
0.316993
0.319808
0.322621
0.325430
0.328235
0.331038
0.333837
0.336632
0.339424
0.342213
0.344998
0.347779
0.350557
0.353332
0.356102
0.358869
0.361633
0.364393
0.367149
0.369901
0.372649
0.375394
0.378135
0.380872
0.383605
0.386334
0.389059
0.391780
0.394497
0.397210
0.399919
0.402624
0.405325
0.408022
0.410714
0.413403
0.416087
0.418767
0.421442
0.424113
0.426780
0.429443
0.432101
0.434755
0.437404
0.440049
0.442689
0.445325
0.447956
0.450583
0.453205
0.455822
0.458435
0.461043
0.463646
0.466245
0.468839
0.471428
0.474012
0.476591
0.479166
0.481735
0.484300
0.486860
0.489414
0.491964
0.494509
0.497048
0.499583
0.502112
0.504637
0.507156
0.509670
0.512179
0.514682
0.517181
0.519674
0.522161
0.524644
0.527121
0.529592
0.532059
0.534519
0.536975
0.539425
0.541869
0.544308
0.546741
0.549169
0.551591
0.554007
0.556418
0.558823
0.561223
0.563616
0.566004
0.568386
0.570763
0.573133
0.575498
0.577857
0.580210
0.582557
0.584898
0.587233
0.589562
0.591885
0.594202
0.596513
0.598818
0.601117
0.603410
0.605696
0.607976
0.610251
0.612518
0.614780
0.617036
0.619285
0.621528
0.623764
0.625994
0.628218
0.630435
0.632646
0.634851
0.637049
0.639240
0.641425
0.643604
0.645776
0.647941
0.650100
0.652252
0.654398
0.656536
0.658669
0.660794
0.662913
0.665025
0.667130
0.669228
0.671320
0.67340476
0.67548269
0.67755376
0.67961793
0.68167518
0.68372550
0.68576887
0.68780527
0.68983467
0.69185705
0.69387240
0.69588070
0.69788192
0.69987604
0.70186306
0.70384293
0.70581566
0.70778121
0.70973957
0.71169071
0.71363463
0.71557129
0.71750069
0.71942279
0.72133759
0.72324507
0.72514519
0.72703795
0.72892333
0.73080131
0.73267187
0.73453499
0.73639065
0.73823884
0.74007954
0.74191272
0.74373837
0.74555648
0.74736702
0.74916998
0.75096534
0.75275308
0.75453319
0.75630564
0.75807042
0.75982752
0.76157690
0.76331857
0.76505250
0.76677867
0.76849707
0.77020768
0.77191048
0.77360546
0.77529260
0.77697188
0.77864330
0.78030682
0.78196244
0.78361014
0.78524990
0.78688170
0.78850554
0.79012140
0.79172925
0.79332909
0.79492090
0.79650466
0.79808036
0.79964798
0.80120751
0.80275893
0.80430223
0.80583740
0.80736441
0.80888325
0.81039391
0.81189638
0.81339063
0.81487666
0.81635446
0.81782399
0.81928527
0.82073826
0.82218295
0.82361934
0.82504740
0.82646713
0.82787850
0.82928151
0.83067615
0.83206239
0.83344024
0.83480966
0.83617066
0.83752321
0.83886731
0.84020294
0.84153009
0.84284874
0.84415889
0.84546052
0.84675362
0.84803818
0.84931419
0.85058162
0.85184048
0.85309075
0.85433241
0.85556546
0.85678989
0.85800568
0.85921281
0.86041129
0.86160110
0.86278223
0.86395466
0.86511839
0.86627341
0.86741969
0.86855725
0.86968605
0.87080610
0.87191738
0.87301989
0.87411360
0.87519852
0.87627463
0.87734192
0.87840038
0.87945001
0.88049079
0.88152271
0.88254576
0.88355994
0.88456524
0.88556164
0.88654914
0.88752773
0.88849740
0.88945813
0.89040993
0.89135279
0.89228668
0.89321162
0.89412758
0.89503456
0.89593256
0.89682156
0.89770155
0.89857254
0.89943450
0.90028743
0.90113134
0.90196620
0.90279201
0.90360876
0.90441645
0.90521507
0.90600461
0.90678506
0.90755643
0.90831870
0.90907186
0.90981591
0.91055084
0.91127665
0.91199333
0.91270088
0.91339928
0.91408853
0.91476863
0.91543957
0.91610135
0.91675395
0.91739738
0.91803163
0.91865669
0.91927256
0.91987923
0.92047670
0.92106497
0.92164402
0.92221386
0.92277448
0.92332587
0.92386803
0.92440096
0.92492466
0.92543911
0.92594431
0.92644027
0.92692697
0.92740442
0.92787260
0.92833152
0.92878118
0.92922156
0.92965267
0.93007450
0.93048705
0.93089032
0.93128431
0.93166900
0.93204441
0.93241052
0.93276734
0.93311485
0.93345307
0.93378198
0.93410159
0.93441190
0.93471289
0.93500458
0.93528695
0.93556001
0.93582376
0.93607819
0.93632330
0.93655909
0.93678556
0.93700272
0.93721055
0.93740906
0.93759825
0.93777811
0.93794865
0.93810987
0.93826176
0.93840432
0.93853756
0.93866148
0.93877607
0.93888134
0.93897728
0.93906390
0.93914120
0.93920917
0.93926782
0.93931715
0.93935716
0.93938785
0.93940922
0.93942128
0.93942401
0.93941744
0.93940155
0.93937634
0.93934183
0.93929801
0.93924488
0.93918245
0.93911072
0.93902968
0.93893935
0.93883972
0.93873080
0.93861258
0.93848508
0.93834829
0.93820222
0.93804687
0.93788224
0.93770833
0.93752516
0.93733272
0.93713101
0.93692004
0.93669982
0.93647034
0.93623161
0.93598363
0.93572641
0.93545996
0.93518427
0.93489934
0.93460520
0.93430183
0.93398924
0.93366744
0.93333644
0.93299623
0.93264682
0.93228822
0.93192043
0.93154346
0.93115731
0.93076199
0.93035750
0.92994385
0.92952104
0.92908908
0.92864798
0.92819774
0.92773836
0.92726986
0.92679224
0.92630550
0.92580966
0.92530471
0.92479067
0.92426754
0.92373533
0.92319404
0.92264368
0.92208427
0.92151579
0.92093828
0.92035172
0.91975613
0.91915151
0.91853787
0.91791523
0.91728358
0.91664294
0.91599331
0.91533471
0.91466713
0.91399059
0.91330509
0.91261065
0.91190727
0.91119496
0.91047373
0.90974359
0.90900455
0.90825661
0.90749978
0.90673408
0.90595951
0.90517609
0.90438381
0.90358269
0.90277275
0.90195398
0.90112640
0.90029002
0.89944485
0.89859090
0.89772818
0.89685669
0.89597645
0.89508748
0.89418977
0.89328334
0.89236820
0.89144436
0.89051183
0.88957062
0.88862075
0.88766222
0.88669504
0.88571923
0.88473480
0.88374175
0.88274011
0.88172987
0.88071106
0.87968368
0.87864775
0.87760327
0.87655027
0.87548874
0.87441871
0.87334018
0.87225317
0.87115769
0.87005375
0.86894136
0.86782055
0.86669131
0.86555366
0.86440762
0.86325319
0.86209040
0.86091924
0.85973975
0.85855192
0.85735578
0.85615133
0.85493859
0.85371758
0.85248830
0.85125077
0.85000500
0.84875102
0.84748882
0.84621843
0.84493985
0.84365311
0.84235822
0.84105519
0.83974403
0.83842477
0.83709741
0.83576196
0.83441846
0.83306690
0.83170730
0.83033968
0.82896405
0.82758044
0.82618884
0.82478928
0.82338178
0.82196635
0.82054299
0.81911174
0.81767261
0.81622560
0.81477074
0.81330804
0.81183752
0.81035919
0.80887307
0.80737918
0.80587753
0.80436814
0.80285102
0.80132619
0.79979367
0.79825347
0.79670561
0.79515010
0.79358697
0.79201623
0.79043790
0.78885198
0.78725851
0.78565750
0.78404896
0.78243291
0.78080937
0.77917835
0.77753988
0.77589397
0.77424063
0.77257990
0.77091177
0.76923628
0.76755343
0.76586325
0.76416576
0.76246097
0.76074889
0.75902956
0.75730298
0.75556918
0.75382817
0.75207997
0.75032460
0.74856208
0.74679243
0.74501566
0.74323179
0.74144085
0.73964285
0.73783781
0.73602575
0.73420669
0.73238064
0.73054763
0.72870767
0.72686079
0.72500701
0.72314633
0.72127879
0.71940440
0.71752319
0.71563516
0.71374035
0.71183876
0.70993042
0.70801536
0.70609358
0.70416512
0.70222998
0.70028820
0.69833978
0.69638475
0.69442314
0.69245495
0.69048022
0.68849895
0.68651118
0.68451692
0.68251619
0.68050902
0.67849542
0.67647541
0.67444902
0.67241626
0.67037716
0.66833174
0.66628002
0.66422202
0.66215776
0.66008726
0.65801055
0.65592763
0.65383855
0.65174331
0.64964194
0.64753446
0.64542089
0.64330125
0.64117557
0.63904387
0.63690616
0.63476247
0.63261282
0.63045724
0.62829574
0.62612835
0.62395508
0.62177597
0.61959103
0.61740028
0.61520376
0.61300147
0.61079344
0.60857970
0.60636026
0.60413515
0.60190439
0.59966801
0.59742602
0.59517845
0.59292532
0.59066666
0.58840248
0.58613281
0.58385767
0.58157709
0.57929109
0.57699968
0.57470290
0.57240077
0.57009330
0.56778053
0.56546247
0.56313915
0.56081060
0.55847682
0.55613786
0.55379373
0.55144445
0.54909005
0.54673056
0.54436599
0.54199636
0.53962171
0.53724206
0.53485742
0.53246783
0.53007330
0.52767386
0.52526954
0.52286036
0.52044633
0.51802750
0.51560387
0.51317547
0.51074233
0.50830447
0.50586192
0.50341470
0.50096283
0.49850633
0.49604524
0.49357957
0.49110936
0.48863461
0.48615537
0.48367165
0.48118347
0.47869086
0.47619385
0.47369246
0.47118672
0.46867664
0.46616225
0.46364359
0.46112066
0.45859350
0.45606214
0.45352658
0.45098687
0.44844303
0.44589507
0.44334303
0.44078693
0.43822679
0.43566264
0.43309450
0.43052241
0.42794637
0.42536642
0.42278259
0.42019490
0.41760336
0.41500802
0.41240889
0.40980599
0.40719936
0.40458902
0.40197499
0.39935729
0.39673596
0.39411102
0.39148249
0.38885041
0.38621478
0.38357564
0.38093302
0.37828694
0.37563742
0.37298449
0.37032818
0.36766850
0.36500550
0.36233918
0.35966958
0.35699672
0.35432063
0.35164133
0.34895885
0.34627322
0.34358445
0.34089258
0.33819762
0.33549961
0.33279857
0.33009453
0.32738751
0.32467754
0.32196464
0.31924883
0.31653015
0.31380862
0.31108427
0.30835712
0.30562719
0.30289451
0.30015911
0.29742101
0.29468024
0.29193683
0.28919079
0.28644216
0.28369097
0.28093722
0.27818096
0.27542221
0.27266099
0.26989733
0.26713126
0.26436279
0.26159197
0.25881880
0.25604332
0.25326556
0.25048553
0.24770327
0.24491880
0.24213214
0.23934333
0.23655238
0.23375933
0.23096420
0.22816701
0.22536779
0.22256657
0.21976337
0.21695821
0.21415113
0.21134215
0.20853129
0.20571859
0.20290406
0.20008773
0.19726962
0.19444977
0.19162820
0.18880494
0.18598000
0.18315342
0.18032522
0.17749543
0.17466407
0.17183117
0.16899675
0.16616084
0.16332347
0.16048466
0.15764443
0.15480282
0.15195984
0.14911553
0.14626991
0.14342300
0.14057483
0.13772542
0.13487481
0.13202301
0.12917006
0.12631597
0.12346078
0.12060450
0.11774717
0.11488881
0.11202944
0.10916910
0.10630780
0.10344557
0.10058244
0.09771843
0.09485357
0.09198788
0.08912139
0.08625412
0.08338610
0.08051735
0.07764791
0.07477779
0.07190702
0.06903562
0.06616363
0.06329106
0.06041794
0.05754430
0.05467015
0.05179554
0.04892048
0.04604499
0.04316910
0.04029284
0.03741624
0.03453931
0.03166208
0.02878458
0.02590682
0.02302885
0.02015068
0.01727233
0.01439384
0.01151522
0.00863650
0.00575771
0.00287887
